
Attempt #1
Best tour length: 61636.75286475319
Best tour order: [18, 36, 5, 30, 43, 17, 6, 27, 29, 26, 38, 31, 1, 41, 3, 25, 9, 33, 22, 24, 47, 4, 19, 11, 37, 14, 45, 32, 2, 15, 21, 8, 7, 0, 39, 10, 13, 12, 46, 20, 23, 44, 34, 28, 40, 42, 16, 35]

Attempt #1
Best tour length: 61636.75286475319
Best tour order: [18, 36, 5, 30, 43, 17, 6, 27, 29, 26, 38, 31, 1, 41, 3, 25, 9, 33, 22, 24, 47, 4, 19, 11, 37, 14, 45, 32, 2, 15, 21, 8, 7, 0, 39, 10, 13, 12, 46, 20, 23, 44, 34, 28, 40, 42, 16, 35]

Attempt #2
Best tour length: 61515.279014154454
Best tour order: [14, 46, 20, 27, 6, 38, 47, 4, 28, 7, 0, 42, 26, 36, 18, 5, 29, 16, 10, 24, 13, 12, 22, 19, 17, 45, 37, 30, 43, 35, 32, 11, 8, 39, 40, 21, 15, 2, 33, 1, 41, 23, 9, 3, 25, 44, 34, 31]

Attempt #1
Best tour length: 61636.75286475319
Best tour order: [18, 36, 5, 30, 43, 17, 6, 27, 29, 26, 38, 31, 1, 41, 3, 25, 9, 33, 22, 24, 47, 4, 19, 11, 37, 14, 45, 32, 2, 15, 21, 8, 7, 0, 39, 10, 13, 12, 46, 20, 23, 44, 34, 28, 40, 42, 16, 35]

Attempt #2
Best tour length: 61515.279014154454
Best tour order: [14, 46, 20, 27, 6, 38, 47, 4, 28, 7, 0, 42, 26, 36, 18, 5, 29, 16, 10, 24, 13, 12, 22, 19, 17, 45, 37, 30, 43, 35, 32, 11, 8, 39, 40, 21, 15, 2, 33, 1, 41, 23, 9, 3, 25, 44, 34, 31]

Attempt #3
Best tour length: 55084.615355839385
Best tour order: [47, 24, 15, 21, 0, 39, 14, 22, 10, 46, 32, 45, 11, 19, 42, 16, 36, 5, 29, 18, 26, 6, 17, 43, 30, 7, 8, 37, 27, 35, 33, 12, 2, 40, 20, 38, 31, 41, 4, 44, 34, 25, 3, 23, 9, 1, 28, 13]

Attempt #1
Best tour length: 61636.75286475319
Best tour order: [18, 36, 5, 30, 43, 17, 6, 27, 29, 26, 38, 31, 1, 41, 3, 25, 9, 33, 22, 24, 47, 4, 19, 11, 37, 14, 45, 32, 2, 15, 21, 8, 7, 0, 39, 10, 13, 12, 46, 20, 23, 44, 34, 28, 40, 42, 16, 35]

Attempt #2
Best tour length: 61515.279014154454
Best tour order: [14, 46, 20, 27, 6, 38, 47, 4, 28, 7, 0, 42, 26, 36, 18, 5, 29, 16, 10, 24, 13, 12, 22, 19, 17, 45, 37, 30, 43, 35, 32, 11, 8, 39, 40, 21, 15, 2, 33, 1, 41, 23, 9, 3, 25, 44, 34, 31]

Attempt #3
Best tour length: 55084.615355839385
Best tour order: [47, 24, 15, 21, 0, 39, 14, 22, 10, 46, 32, 45, 11, 19, 42, 16, 36, 5, 29, 18, 26, 6, 17, 43, 30, 7, 8, 37, 27, 35, 33, 12, 2, 40, 20, 38, 31, 41, 4, 44, 34, 25, 3, 23, 9, 1, 28, 13]

Attempt #4
Best tour length: 55084.615355839385
Best tour order: [47, 24, 15, 21, 0, 39, 14, 22, 10, 46, 32, 45, 11, 19, 42, 16, 36, 5, 29, 18, 26, 6, 17, 43, 30, 7, 8, 37, 27, 35, 33, 12, 2, 40, 20, 38, 31, 41, 4, 44, 34, 25, 3, 23, 9, 1, 28, 13]

Attempt #1
Best tour length: 61636.75286475319
Best tour order: [18, 36, 5, 30, 43, 17, 6, 27, 29, 26, 38, 31, 1, 41, 3, 25, 9, 33, 22, 24, 47, 4, 19, 11, 37, 14, 45, 32, 2, 15, 21, 8, 7, 0, 39, 10, 13, 12, 46, 20, 23, 44, 34, 28, 40, 42, 16, 35]

Attempt #2
Best tour length: 61515.279014154454
Best tour order: [14, 46, 20, 27, 6, 38, 47, 4, 28, 7, 0, 42, 26, 36, 18, 5, 29, 16, 10, 24, 13, 12, 22, 19, 17, 45, 37, 30, 43, 35, 32, 11, 8, 39, 40, 21, 15, 2, 33, 1, 41, 23, 9, 3, 25, 44, 34, 31]

Attempt #3
Best tour length: 55084.615355839385
Best tour order: [47, 24, 15, 21, 0, 39, 14, 22, 10, 46, 32, 45, 11, 19, 42, 16, 36, 5, 29, 18, 26, 6, 17, 43, 30, 7, 8, 37, 27, 35, 33, 12, 2, 40, 20, 38, 31, 41, 4, 44, 34, 25, 3, 23, 9, 1, 28, 13]

Attempt #4
Best tour length: 55084.615355839385
Best tour order: [47, 24, 15, 21, 0, 39, 14, 22, 10, 46, 32, 45, 11, 19, 42, 16, 36, 5, 29, 18, 26, 6, 17, 43, 30, 7, 8, 37, 27, 35, 33, 12, 2, 40, 20, 38, 31, 41, 4, 44, 34, 25, 3, 23, 9, 1, 28, 13]

Attempt #5
Best tour length: 55084.615355839385
Best tour order: [47, 24, 15, 21, 0, 39, 14, 22, 10, 46, 32, 45, 11, 19, 42, 16, 36, 5, 29, 18, 26, 6, 17, 43, 30, 7, 8, 37, 27, 35, 33, 12, 2, 40, 20, 38, 31, 41, 4, 44, 34, 25, 3, 23, 9, 1, 28, 13]

Attempt #1
Best tour length: 61636.75286475319
Best tour order: [18, 36, 5, 30, 43, 17, 6, 27, 29, 26, 38, 31, 1, 41, 3, 25, 9, 33, 22, 24, 47, 4, 19, 11, 37, 14, 45, 32, 2, 15, 21, 8, 7, 0, 39, 10, 13, 12, 46, 20, 23, 44, 34, 28, 40, 42, 16, 35]

Attempt #2
Best tour length: 61515.279014154454
Best tour order: [14, 46, 20, 27, 6, 38, 47, 4, 28, 7, 0, 42, 26, 36, 18, 5, 29, 16, 10, 24, 13, 12, 22, 19, 17, 45, 37, 30, 43, 35, 32, 11, 8, 39, 40, 21, 15, 2, 33, 1, 41, 23, 9, 3, 25, 44, 34, 31]

Attempt #3
Best tour length: 55084.615355839385
Best tour order: [47, 24, 15, 21, 0, 39, 14, 22, 10, 46, 32, 45, 11, 19, 42, 16, 36, 5, 29, 18, 26, 6, 17, 43, 30, 7, 8, 37, 27, 35, 33, 12, 2, 40, 20, 38, 31, 41, 4, 44, 34, 25, 3, 23, 9, 1, 28, 13]

Attempt #4
Best tour length: 55084.615355839385
Best tour order: [47, 24, 15, 21, 0, 39, 14, 22, 10, 46, 32, 45, 11, 19, 42, 16, 36, 5, 29, 18, 26, 6, 17, 43, 30, 7, 8, 37, 27, 35, 33, 12, 2, 40, 20, 38, 31, 41, 4, 44, 34, 25, 3, 23, 9, 1, 28, 13]

Attempt #5
Best tour length: 55084.615355839385
Best tour order: [47, 24, 15, 21, 0, 39, 14, 22, 10, 46, 32, 45, 11, 19, 42, 16, 36, 5, 29, 18, 26, 6, 17, 43, 30, 7, 8, 37, 27, 35, 33, 12, 2, 40, 20, 38, 31, 41, 4, 44, 34, 25, 3, 23, 9, 1, 28, 13]

Attempt #6
Best tour length: 55084.615355839385
Best tour order: [47, 24, 15, 21, 0, 39, 14, 22, 10, 46, 32, 45, 11, 19, 42, 16, 36, 5, 29, 18, 26, 6, 17, 43, 30, 7, 8, 37, 27, 35, 33, 12, 2, 40, 20, 38, 31, 41, 4, 44, 34, 25, 3, 23, 9, 1, 28, 13]

Attempt #1
Best tour length: 61636.75286475319
Best tour order: [18, 36, 5, 30, 43, 17, 6, 27, 29, 26, 38, 31, 1, 41, 3, 25, 9, 33, 22, 24, 47, 4, 19, 11, 37, 14, 45, 32, 2, 15, 21, 8, 7, 0, 39, 10, 13, 12, 46, 20, 23, 44, 34, 28, 40, 42, 16, 35]

Attempt #2
Best tour length: 61515.279014154454
Best tour order: [14, 46, 20, 27, 6, 38, 47, 4, 28, 7, 0, 42, 26, 36, 18, 5, 29, 16, 10, 24, 13, 12, 22, 19, 17, 45, 37, 30, 43, 35, 32, 11, 8, 39, 40, 21, 15, 2, 33, 1, 41, 23, 9, 3, 25, 44, 34, 31]

Attempt #3
Best tour length: 55084.615355839385
Best tour order: [47, 24, 15, 21, 0, 39, 14, 22, 10, 46, 32, 45, 11, 19, 42, 16, 36, 5, 29, 18, 26, 6, 17, 43, 30, 7, 8, 37, 27, 35, 33, 12, 2, 40, 20, 38, 31, 41, 4, 44, 34, 25, 3, 23, 9, 1, 28, 13]

Attempt #4
Best tour length: 55084.615355839385
Best tour order: [47, 24, 15, 21, 0, 39, 14, 22, 10, 46, 32, 45, 11, 19, 42, 16, 36, 5, 29, 18, 26, 6, 17, 43, 30, 7, 8, 37, 27, 35, 33, 12, 2, 40, 20, 38, 31, 41, 4, 44, 34, 25, 3, 23, 9, 1, 28, 13]

Attempt #5
Best tour length: 55084.615355839385
Best tour order: [47, 24, 15, 21, 0, 39, 14, 22, 10, 46, 32, 45, 11, 19, 42, 16, 36, 5, 29, 18, 26, 6, 17, 43, 30, 7, 8, 37, 27, 35, 33, 12, 2, 40, 20, 38, 31, 41, 4, 44, 34, 25, 3, 23, 9, 1, 28, 13]

Attempt #6
Best tour length: 55084.615355839385
Best tour order: [47, 24, 15, 21, 0, 39, 14, 22, 10, 46, 32, 45, 11, 19, 42, 16, 36, 5, 29, 18, 26, 6, 17, 43, 30, 7, 8, 37, 27, 35, 33, 12, 2, 40, 20, 38, 31, 41, 4, 44, 34, 25, 3, 23, 9, 1, 28, 13]

Attempt #7
Best tour length: 55084.615355839385
Best tour order: [47, 24, 15, 21, 0, 39, 14, 22, 10, 46, 32, 45, 11, 19, 42, 16, 36, 5, 29, 18, 26, 6, 17, 43, 30, 7, 8, 37, 27, 35, 33, 12, 2, 40, 20, 38, 31, 41, 4, 44, 34, 25, 3, 23, 9, 1, 28, 13]

Attempt #1
Best tour length: 61636.75286475319
Best tour order: [18, 36, 5, 30, 43, 17, 6, 27, 29, 26, 38, 31, 1, 41, 3, 25, 9, 33, 22, 24, 47, 4, 19, 11, 37, 14, 45, 32, 2, 15, 21, 8, 7, 0, 39, 10, 13, 12, 46, 20, 23, 44, 34, 28, 40, 42, 16, 35]

Attempt #2
Best tour length: 61515.279014154454
Best tour order: [14, 46, 20, 27, 6, 38, 47, 4, 28, 7, 0, 42, 26, 36, 18, 5, 29, 16, 10, 24, 13, 12, 22, 19, 17, 45, 37, 30, 43, 35, 32, 11, 8, 39, 40, 21, 15, 2, 33, 1, 41, 23, 9, 3, 25, 44, 34, 31]

Attempt #3
Best tour length: 55084.615355839385
Best tour order: [47, 24, 15, 21, 0, 39, 14, 22, 10, 46, 32, 45, 11, 19, 42, 16, 36, 5, 29, 18, 26, 6, 17, 43, 30, 7, 8, 37, 27, 35, 33, 12, 2, 40, 20, 38, 31, 41, 4, 44, 34, 25, 3, 23, 9, 1, 28, 13]

Attempt #4
Best tour length: 55084.615355839385
Best tour order: [47, 24, 15, 21, 0, 39, 14, 22, 10, 46, 32, 45, 11, 19, 42, 16, 36, 5, 29, 18, 26, 6, 17, 43, 30, 7, 8, 37, 27, 35, 33, 12, 2, 40, 20, 38, 31, 41, 4, 44, 34, 25, 3, 23, 9, 1, 28, 13]

Attempt #5
Best tour length: 55084.615355839385
Best tour order: [47, 24, 15, 21, 0, 39, 14, 22, 10, 46, 32, 45, 11, 19, 42, 16, 36, 5, 29, 18, 26, 6, 17, 43, 30, 7, 8, 37, 27, 35, 33, 12, 2, 40, 20, 38, 31, 41, 4, 44, 34, 25, 3, 23, 9, 1, 28, 13]

Attempt #6
Best tour length: 55084.615355839385
Best tour order: [47, 24, 15, 21, 0, 39, 14, 22, 10, 46, 32, 45, 11, 19, 42, 16, 36, 5, 29, 18, 26, 6, 17, 43, 30, 7, 8, 37, 27, 35, 33, 12, 2, 40, 20, 38, 31, 41, 4, 44, 34, 25, 3, 23, 9, 1, 28, 13]

Attempt #7
Best tour length: 55084.615355839385
Best tour order: [47, 24, 15, 21, 0, 39, 14, 22, 10, 46, 32, 45, 11, 19, 42, 16, 36, 5, 29, 18, 26, 6, 17, 43, 30, 7, 8, 37, 27, 35, 33, 12, 2, 40, 20, 38, 31, 41, 4, 44, 34, 25, 3, 23, 9, 1, 28, 13]

Attempt #8
Best tour length: 55084.615355839385
Best tour order: [47, 24, 15, 21, 0, 39, 14, 22, 10, 46, 32, 45, 11, 19, 42, 16, 36, 5, 29, 18, 26, 6, 17, 43, 30, 7, 8, 37, 27, 35, 33, 12, 2, 40, 20, 38, 31, 41, 4, 44, 34, 25, 3, 23, 9, 1, 28, 13]

Attempt #1
Best tour length: 61636.75286475319
Best tour order: [18, 36, 5, 30, 43, 17, 6, 27, 29, 26, 38, 31, 1, 41, 3, 25, 9, 33, 22, 24, 47, 4, 19, 11, 37, 14, 45, 32, 2, 15, 21, 8, 7, 0, 39, 10, 13, 12, 46, 20, 23, 44, 34, 28, 40, 42, 16, 35]

Attempt #2
Best tour length: 61515.279014154454
Best tour order: [14, 46, 20, 27, 6, 38, 47, 4, 28, 7, 0, 42, 26, 36, 18, 5, 29, 16, 10, 24, 13, 12, 22, 19, 17, 45, 37, 30, 43, 35, 32, 11, 8, 39, 40, 21, 15, 2, 33, 1, 41, 23, 9, 3, 25, 44, 34, 31]

Attempt #3
Best tour length: 55084.615355839385
Best tour order: [47, 24, 15, 21, 0, 39, 14, 22, 10, 46, 32, 45, 11, 19, 42, 16, 36, 5, 29, 18, 26, 6, 17, 43, 30, 7, 8, 37, 27, 35, 33, 12, 2, 40, 20, 38, 31, 41, 4, 44, 34, 25, 3, 23, 9, 1, 28, 13]

Attempt #4
Best tour length: 55084.615355839385
Best tour order: [47, 24, 15, 21, 0, 39, 14, 22, 10, 46, 32, 45, 11, 19, 42, 16, 36, 5, 29, 18, 26, 6, 17, 43, 30, 7, 8, 37, 27, 35, 33, 12, 2, 40, 20, 38, 31, 41, 4, 44, 34, 25, 3, 23, 9, 1, 28, 13]

Attempt #5
Best tour length: 55084.615355839385
Best tour order: [47, 24, 15, 21, 0, 39, 14, 22, 10, 46, 32, 45, 11, 19, 42, 16, 36, 5, 29, 18, 26, 6, 17, 43, 30, 7, 8, 37, 27, 35, 33, 12, 2, 40, 20, 38, 31, 41, 4, 44, 34, 25, 3, 23, 9, 1, 28, 13]

Attempt #6
Best tour length: 55084.615355839385
Best tour order: [47, 24, 15, 21, 0, 39, 14, 22, 10, 46, 32, 45, 11, 19, 42, 16, 36, 5, 29, 18, 26, 6, 17, 43, 30, 7, 8, 37, 27, 35, 33, 12, 2, 40, 20, 38, 31, 41, 4, 44, 34, 25, 3, 23, 9, 1, 28, 13]

Attempt #7
Best tour length: 55084.615355839385
Best tour order: [47, 24, 15, 21, 0, 39, 14, 22, 10, 46, 32, 45, 11, 19, 42, 16, 36, 5, 29, 18, 26, 6, 17, 43, 30, 7, 8, 37, 27, 35, 33, 12, 2, 40, 20, 38, 31, 41, 4, 44, 34, 25, 3, 23, 9, 1, 28, 13]

Attempt #8
Best tour length: 55084.615355839385
Best tour order: [47, 24, 15, 21, 0, 39, 14, 22, 10, 46, 32, 45, 11, 19, 42, 16, 36, 5, 29, 18, 26, 6, 17, 43, 30, 7, 8, 37, 27, 35, 33, 12, 2, 40, 20, 38, 31, 41, 4, 44, 34, 25, 3, 23, 9, 1, 28, 13]

Attempt #9
Best tour length: 55084.615355839385
Best tour order: [47, 24, 15, 21, 0, 39, 14, 22, 10, 46, 32, 45, 11, 19, 42, 16, 36, 5, 29, 18, 26, 6, 17, 43, 30, 7, 8, 37, 27, 35, 33, 12, 2, 40, 20, 38, 31, 41, 4, 44, 34, 25, 3, 23, 9, 1, 28, 13]

Attempt #1
Best tour length: 61636.75286475319
Best tour order: [18, 36, 5, 30, 43, 17, 6, 27, 29, 26, 38, 31, 1, 41, 3, 25, 9, 33, 22, 24, 47, 4, 19, 11, 37, 14, 45, 32, 2, 15, 21, 8, 7, 0, 39, 10, 13, 12, 46, 20, 23, 44, 34, 28, 40, 42, 16, 35]

Attempt #2
Best tour length: 61515.279014154454
Best tour order: [14, 46, 20, 27, 6, 38, 47, 4, 28, 7, 0, 42, 26, 36, 18, 5, 29, 16, 10, 24, 13, 12, 22, 19, 17, 45, 37, 30, 43, 35, 32, 11, 8, 39, 40, 21, 15, 2, 33, 1, 41, 23, 9, 3, 25, 44, 34, 31]

Attempt #3
Best tour length: 55084.615355839385
Best tour order: [47, 24, 15, 21, 0, 39, 14, 22, 10, 46, 32, 45, 11, 19, 42, 16, 36, 5, 29, 18, 26, 6, 17, 43, 30, 7, 8, 37, 27, 35, 33, 12, 2, 40, 20, 38, 31, 41, 4, 44, 34, 25, 3, 23, 9, 1, 28, 13]

Attempt #4
Best tour length: 55084.615355839385
Best tour order: [47, 24, 15, 21, 0, 39, 14, 22, 10, 46, 32, 45, 11, 19, 42, 16, 36, 5, 29, 18, 26, 6, 17, 43, 30, 7, 8, 37, 27, 35, 33, 12, 2, 40, 20, 38, 31, 41, 4, 44, 34, 25, 3, 23, 9, 1, 28, 13]

Attempt #5
Best tour length: 55084.615355839385
Best tour order: [47, 24, 15, 21, 0, 39, 14, 22, 10, 46, 32, 45, 11, 19, 42, 16, 36, 5, 29, 18, 26, 6, 17, 43, 30, 7, 8, 37, 27, 35, 33, 12, 2, 40, 20, 38, 31, 41, 4, 44, 34, 25, 3, 23, 9, 1, 28, 13]

Attempt #6
Best tour length: 55084.615355839385
Best tour order: [47, 24, 15, 21, 0, 39, 14, 22, 10, 46, 32, 45, 11, 19, 42, 16, 36, 5, 29, 18, 26, 6, 17, 43, 30, 7, 8, 37, 27, 35, 33, 12, 2, 40, 20, 38, 31, 41, 4, 44, 34, 25, 3, 23, 9, 1, 28, 13]

Attempt #7
Best tour length: 55084.615355839385
Best tour order: [47, 24, 15, 21, 0, 39, 14, 22, 10, 46, 32, 45, 11, 19, 42, 16, 36, 5, 29, 18, 26, 6, 17, 43, 30, 7, 8, 37, 27, 35, 33, 12, 2, 40, 20, 38, 31, 41, 4, 44, 34, 25, 3, 23, 9, 1, 28, 13]

Attempt #8
Best tour length: 55084.615355839385
Best tour order: [47, 24, 15, 21, 0, 39, 14, 22, 10, 46, 32, 45, 11, 19, 42, 16, 36, 5, 29, 18, 26, 6, 17, 43, 30, 7, 8, 37, 27, 35, 33, 12, 2, 40, 20, 38, 31, 41, 4, 44, 34, 25, 3, 23, 9, 1, 28, 13]

Attempt #9
Best tour length: 55084.615355839385
Best tour order: [47, 24, 15, 21, 0, 39, 14, 22, 10, 46, 32, 45, 11, 19, 42, 16, 36, 5, 29, 18, 26, 6, 17, 43, 30, 7, 8, 37, 27, 35, 33, 12, 2, 40, 20, 38, 31, 41, 4, 44, 34, 25, 3, 23, 9, 1, 28, 13]

Attempt #10
Best tour length: 55084.615355839385
Best tour order: [47, 24, 15, 21, 0, 39, 14, 22, 10, 46, 32, 45, 11, 19, 42, 16, 36, 5, 29, 18, 26, 6, 17, 43, 30, 7, 8, 37, 27, 35, 33, 12, 2, 40, 20, 38, 31, 41, 4, 44, 34, 25, 3, 23, 9, 1, 28, 13]
