
Attempt #1
Best tour length: 59906.717979494315
Best tour order: [35, 6, 27, 5, 18, 26, 36, 29, 42, 17, 45, 37, 39, 0, 2, 10, 19, 8, 7, 32, 43, 30, 24, 12, 11, 46, 20, 13, 47, 4, 22, 33, 41, 9, 3, 25, 44, 34, 23, 38, 31, 28, 40, 1, 15, 21, 14, 16]

Attempt #1
Best tour length: 59906.717979494315
Best tour order: [35, 6, 27, 5, 18, 26, 36, 29, 42, 17, 45, 37, 39, 0, 2, 10, 19, 8, 7, 32, 43, 30, 24, 12, 11, 46, 20, 13, 47, 4, 22, 33, 41, 9, 3, 25, 44, 34, 23, 38, 31, 28, 40, 1, 15, 21, 14, 16]

Attempt #2
Best tour length: 53801.10355212214
Best tour order: [47, 4, 28, 33, 14, 45, 32, 30, 43, 6, 17, 26, 42, 16, 18, 29, 36, 5, 35, 27, 19, 37, 21, 15, 40, 11, 12, 24, 22, 10, 34, 44, 9, 23, 41, 25, 3, 1, 38, 31, 13, 2, 39, 8, 7, 0, 46, 20]

Attempt #1
Best tour length: 59906.717979494315
Best tour order: [35, 6, 27, 5, 18, 26, 36, 29, 42, 17, 45, 37, 39, 0, 2, 10, 19, 8, 7, 32, 43, 30, 24, 12, 11, 46, 20, 13, 47, 4, 22, 33, 41, 9, 3, 25, 44, 34, 23, 38, 31, 28, 40, 1, 15, 21, 14, 16]

Attempt #2
Best tour length: 53801.10355212214
Best tour order: [47, 4, 28, 33, 14, 45, 32, 30, 43, 6, 17, 26, 42, 16, 18, 29, 36, 5, 35, 27, 19, 37, 21, 15, 40, 11, 12, 24, 22, 10, 34, 44, 9, 23, 41, 25, 3, 1, 38, 31, 13, 2, 39, 8, 7, 0, 46, 20]

Attempt #3
Best tour length: 53801.10355212214
Best tour order: [47, 4, 28, 33, 14, 45, 32, 30, 43, 6, 17, 26, 42, 16, 18, 29, 36, 5, 35, 27, 19, 37, 21, 15, 40, 11, 12, 24, 22, 10, 34, 44, 9, 23, 41, 25, 3, 1, 38, 31, 13, 2, 39, 8, 7, 0, 46, 20]

Attempt #1
Best tour length: 59906.717979494315
Best tour order: [35, 6, 27, 5, 18, 26, 36, 29, 42, 17, 45, 37, 39, 0, 2, 10, 19, 8, 7, 32, 43, 30, 24, 12, 11, 46, 20, 13, 47, 4, 22, 33, 41, 9, 3, 25, 44, 34, 23, 38, 31, 28, 40, 1, 15, 21, 14, 16]

Attempt #2
Best tour length: 53801.10355212214
Best tour order: [47, 4, 28, 33, 14, 45, 32, 30, 43, 6, 17, 26, 42, 16, 18, 29, 36, 5, 35, 27, 19, 37, 21, 15, 40, 11, 12, 24, 22, 10, 34, 44, 9, 23, 41, 25, 3, 1, 38, 31, 13, 2, 39, 8, 7, 0, 46, 20]

Attempt #3
Best tour length: 53801.10355212214
Best tour order: [47, 4, 28, 33, 14, 45, 32, 30, 43, 6, 17, 26, 42, 16, 18, 29, 36, 5, 35, 27, 19, 37, 21, 15, 40, 11, 12, 24, 22, 10, 34, 44, 9, 23, 41, 25, 3, 1, 38, 31, 13, 2, 39, 8, 7, 0, 46, 20]

Attempt #4
Best tour length: 53801.10355212214
Best tour order: [47, 4, 28, 33, 14, 45, 32, 30, 43, 6, 17, 26, 42, 16, 18, 29, 36, 5, 35, 27, 19, 37, 21, 15, 40, 11, 12, 24, 22, 10, 34, 44, 9, 23, 41, 25, 3, 1, 38, 31, 13, 2, 39, 8, 7, 0, 46, 20]

Attempt #1
Best tour length: 59906.717979494315
Best tour order: [35, 6, 27, 5, 18, 26, 36, 29, 42, 17, 45, 37, 39, 0, 2, 10, 19, 8, 7, 32, 43, 30, 24, 12, 11, 46, 20, 13, 47, 4, 22, 33, 41, 9, 3, 25, 44, 34, 23, 38, 31, 28, 40, 1, 15, 21, 14, 16]

Attempt #2
Best tour length: 53801.10355212214
Best tour order: [47, 4, 28, 33, 14, 45, 32, 30, 43, 6, 17, 26, 42, 16, 18, 29, 36, 5, 35, 27, 19, 37, 21, 15, 40, 11, 12, 24, 22, 10, 34, 44, 9, 23, 41, 25, 3, 1, 38, 31, 13, 2, 39, 8, 7, 0, 46, 20]

Attempt #3
Best tour length: 53801.10355212214
Best tour order: [47, 4, 28, 33, 14, 45, 32, 30, 43, 6, 17, 26, 42, 16, 18, 29, 36, 5, 35, 27, 19, 37, 21, 15, 40, 11, 12, 24, 22, 10, 34, 44, 9, 23, 41, 25, 3, 1, 38, 31, 13, 2, 39, 8, 7, 0, 46, 20]

Attempt #4
Best tour length: 53801.10355212214
Best tour order: [47, 4, 28, 33, 14, 45, 32, 30, 43, 6, 17, 26, 42, 16, 18, 29, 36, 5, 35, 27, 19, 37, 21, 15, 40, 11, 12, 24, 22, 10, 34, 44, 9, 23, 41, 25, 3, 1, 38, 31, 13, 2, 39, 8, 7, 0, 46, 20]

Attempt #5
Best tour length: 53801.10355212214
Best tour order: [47, 4, 28, 33, 14, 45, 32, 30, 43, 6, 17, 26, 42, 16, 18, 29, 36, 5, 35, 27, 19, 37, 21, 15, 40, 11, 12, 24, 22, 10, 34, 44, 9, 23, 41, 25, 3, 1, 38, 31, 13, 2, 39, 8, 7, 0, 46, 20]

Attempt #1
Best tour length: 59906.717979494315
Best tour order: [35, 6, 27, 5, 18, 26, 36, 29, 42, 17, 45, 37, 39, 0, 2, 10, 19, 8, 7, 32, 43, 30, 24, 12, 11, 46, 20, 13, 47, 4, 22, 33, 41, 9, 3, 25, 44, 34, 23, 38, 31, 28, 40, 1, 15, 21, 14, 16]

Attempt #2
Best tour length: 53801.10355212214
Best tour order: [47, 4, 28, 33, 14, 45, 32, 30, 43, 6, 17, 26, 42, 16, 18, 29, 36, 5, 35, 27, 19, 37, 21, 15, 40, 11, 12, 24, 22, 10, 34, 44, 9, 23, 41, 25, 3, 1, 38, 31, 13, 2, 39, 8, 7, 0, 46, 20]

Attempt #3
Best tour length: 53801.10355212214
Best tour order: [47, 4, 28, 33, 14, 45, 32, 30, 43, 6, 17, 26, 42, 16, 18, 29, 36, 5, 35, 27, 19, 37, 21, 15, 40, 11, 12, 24, 22, 10, 34, 44, 9, 23, 41, 25, 3, 1, 38, 31, 13, 2, 39, 8, 7, 0, 46, 20]

Attempt #4
Best tour length: 53801.10355212214
Best tour order: [47, 4, 28, 33, 14, 45, 32, 30, 43, 6, 17, 26, 42, 16, 18, 29, 36, 5, 35, 27, 19, 37, 21, 15, 40, 11, 12, 24, 22, 10, 34, 44, 9, 23, 41, 25, 3, 1, 38, 31, 13, 2, 39, 8, 7, 0, 46, 20]

Attempt #5
Best tour length: 53801.10355212214
Best tour order: [47, 4, 28, 33, 14, 45, 32, 30, 43, 6, 17, 26, 42, 16, 18, 29, 36, 5, 35, 27, 19, 37, 21, 15, 40, 11, 12, 24, 22, 10, 34, 44, 9, 23, 41, 25, 3, 1, 38, 31, 13, 2, 39, 8, 7, 0, 46, 20]

Attempt #6
Best tour length: 53801.10355212214
Best tour order: [47, 4, 28, 33, 14, 45, 32, 30, 43, 6, 17, 26, 42, 16, 18, 29, 36, 5, 35, 27, 19, 37, 21, 15, 40, 11, 12, 24, 22, 10, 34, 44, 9, 23, 41, 25, 3, 1, 38, 31, 13, 2, 39, 8, 7, 0, 46, 20]

Attempt #1
Best tour length: 59906.717979494315
Best tour order: [35, 6, 27, 5, 18, 26, 36, 29, 42, 17, 45, 37, 39, 0, 2, 10, 19, 8, 7, 32, 43, 30, 24, 12, 11, 46, 20, 13, 47, 4, 22, 33, 41, 9, 3, 25, 44, 34, 23, 38, 31, 28, 40, 1, 15, 21, 14, 16]

Attempt #2
Best tour length: 53801.10355212214
Best tour order: [47, 4, 28, 33, 14, 45, 32, 30, 43, 6, 17, 26, 42, 16, 18, 29, 36, 5, 35, 27, 19, 37, 21, 15, 40, 11, 12, 24, 22, 10, 34, 44, 9, 23, 41, 25, 3, 1, 38, 31, 13, 2, 39, 8, 7, 0, 46, 20]

Attempt #3
Best tour length: 53801.10355212214
Best tour order: [47, 4, 28, 33, 14, 45, 32, 30, 43, 6, 17, 26, 42, 16, 18, 29, 36, 5, 35, 27, 19, 37, 21, 15, 40, 11, 12, 24, 22, 10, 34, 44, 9, 23, 41, 25, 3, 1, 38, 31, 13, 2, 39, 8, 7, 0, 46, 20]

Attempt #4
Best tour length: 53801.10355212214
Best tour order: [47, 4, 28, 33, 14, 45, 32, 30, 43, 6, 17, 26, 42, 16, 18, 29, 36, 5, 35, 27, 19, 37, 21, 15, 40, 11, 12, 24, 22, 10, 34, 44, 9, 23, 41, 25, 3, 1, 38, 31, 13, 2, 39, 8, 7, 0, 46, 20]

Attempt #5
Best tour length: 53801.10355212214
Best tour order: [47, 4, 28, 33, 14, 45, 32, 30, 43, 6, 17, 26, 42, 16, 18, 29, 36, 5, 35, 27, 19, 37, 21, 15, 40, 11, 12, 24, 22, 10, 34, 44, 9, 23, 41, 25, 3, 1, 38, 31, 13, 2, 39, 8, 7, 0, 46, 20]

Attempt #6
Best tour length: 53801.10355212214
Best tour order: [47, 4, 28, 33, 14, 45, 32, 30, 43, 6, 17, 26, 42, 16, 18, 29, 36, 5, 35, 27, 19, 37, 21, 15, 40, 11, 12, 24, 22, 10, 34, 44, 9, 23, 41, 25, 3, 1, 38, 31, 13, 2, 39, 8, 7, 0, 46, 20]

Attempt #7
Best tour length: 53801.10355212214
Best tour order: [47, 4, 28, 33, 14, 45, 32, 30, 43, 6, 17, 26, 42, 16, 18, 29, 36, 5, 35, 27, 19, 37, 21, 15, 40, 11, 12, 24, 22, 10, 34, 44, 9, 23, 41, 25, 3, 1, 38, 31, 13, 2, 39, 8, 7, 0, 46, 20]

Attempt #1
Best tour length: 59906.717979494315
Best tour order: [35, 6, 27, 5, 18, 26, 36, 29, 42, 17, 45, 37, 39, 0, 2, 10, 19, 8, 7, 32, 43, 30, 24, 12, 11, 46, 20, 13, 47, 4, 22, 33, 41, 9, 3, 25, 44, 34, 23, 38, 31, 28, 40, 1, 15, 21, 14, 16]

Attempt #2
Best tour length: 53801.10355212214
Best tour order: [47, 4, 28, 33, 14, 45, 32, 30, 43, 6, 17, 26, 42, 16, 18, 29, 36, 5, 35, 27, 19, 37, 21, 15, 40, 11, 12, 24, 22, 10, 34, 44, 9, 23, 41, 25, 3, 1, 38, 31, 13, 2, 39, 8, 7, 0, 46, 20]

Attempt #3
Best tour length: 53801.10355212214
Best tour order: [47, 4, 28, 33, 14, 45, 32, 30, 43, 6, 17, 26, 42, 16, 18, 29, 36, 5, 35, 27, 19, 37, 21, 15, 40, 11, 12, 24, 22, 10, 34, 44, 9, 23, 41, 25, 3, 1, 38, 31, 13, 2, 39, 8, 7, 0, 46, 20]

Attempt #4
Best tour length: 53801.10355212214
Best tour order: [47, 4, 28, 33, 14, 45, 32, 30, 43, 6, 17, 26, 42, 16, 18, 29, 36, 5, 35, 27, 19, 37, 21, 15, 40, 11, 12, 24, 22, 10, 34, 44, 9, 23, 41, 25, 3, 1, 38, 31, 13, 2, 39, 8, 7, 0, 46, 20]

Attempt #5
Best tour length: 53801.10355212214
Best tour order: [47, 4, 28, 33, 14, 45, 32, 30, 43, 6, 17, 26, 42, 16, 18, 29, 36, 5, 35, 27, 19, 37, 21, 15, 40, 11, 12, 24, 22, 10, 34, 44, 9, 23, 41, 25, 3, 1, 38, 31, 13, 2, 39, 8, 7, 0, 46, 20]

Attempt #6
Best tour length: 53801.10355212214
Best tour order: [47, 4, 28, 33, 14, 45, 32, 30, 43, 6, 17, 26, 42, 16, 18, 29, 36, 5, 35, 27, 19, 37, 21, 15, 40, 11, 12, 24, 22, 10, 34, 44, 9, 23, 41, 25, 3, 1, 38, 31, 13, 2, 39, 8, 7, 0, 46, 20]

Attempt #7
Best tour length: 53801.10355212214
Best tour order: [47, 4, 28, 33, 14, 45, 32, 30, 43, 6, 17, 26, 42, 16, 18, 29, 36, 5, 35, 27, 19, 37, 21, 15, 40, 11, 12, 24, 22, 10, 34, 44, 9, 23, 41, 25, 3, 1, 38, 31, 13, 2, 39, 8, 7, 0, 46, 20]

Attempt #8
Best tour length: 53801.10355212214
Best tour order: [47, 4, 28, 33, 14, 45, 32, 30, 43, 6, 17, 26, 42, 16, 18, 29, 36, 5, 35, 27, 19, 37, 21, 15, 40, 11, 12, 24, 22, 10, 34, 44, 9, 23, 41, 25, 3, 1, 38, 31, 13, 2, 39, 8, 7, 0, 46, 20]

Attempt #1
Best tour length: 59906.717979494315
Best tour order: [35, 6, 27, 5, 18, 26, 36, 29, 42, 17, 45, 37, 39, 0, 2, 10, 19, 8, 7, 32, 43, 30, 24, 12, 11, 46, 20, 13, 47, 4, 22, 33, 41, 9, 3, 25, 44, 34, 23, 38, 31, 28, 40, 1, 15, 21, 14, 16]

Attempt #2
Best tour length: 53801.10355212214
Best tour order: [47, 4, 28, 33, 14, 45, 32, 30, 43, 6, 17, 26, 42, 16, 18, 29, 36, 5, 35, 27, 19, 37, 21, 15, 40, 11, 12, 24, 22, 10, 34, 44, 9, 23, 41, 25, 3, 1, 38, 31, 13, 2, 39, 8, 7, 0, 46, 20]

Attempt #3
Best tour length: 53801.10355212214
Best tour order: [47, 4, 28, 33, 14, 45, 32, 30, 43, 6, 17, 26, 42, 16, 18, 29, 36, 5, 35, 27, 19, 37, 21, 15, 40, 11, 12, 24, 22, 10, 34, 44, 9, 23, 41, 25, 3, 1, 38, 31, 13, 2, 39, 8, 7, 0, 46, 20]

Attempt #4
Best tour length: 53801.10355212214
Best tour order: [47, 4, 28, 33, 14, 45, 32, 30, 43, 6, 17, 26, 42, 16, 18, 29, 36, 5, 35, 27, 19, 37, 21, 15, 40, 11, 12, 24, 22, 10, 34, 44, 9, 23, 41, 25, 3, 1, 38, 31, 13, 2, 39, 8, 7, 0, 46, 20]

Attempt #5
Best tour length: 53801.10355212214
Best tour order: [47, 4, 28, 33, 14, 45, 32, 30, 43, 6, 17, 26, 42, 16, 18, 29, 36, 5, 35, 27, 19, 37, 21, 15, 40, 11, 12, 24, 22, 10, 34, 44, 9, 23, 41, 25, 3, 1, 38, 31, 13, 2, 39, 8, 7, 0, 46, 20]

Attempt #6
Best tour length: 53801.10355212214
Best tour order: [47, 4, 28, 33, 14, 45, 32, 30, 43, 6, 17, 26, 42, 16, 18, 29, 36, 5, 35, 27, 19, 37, 21, 15, 40, 11, 12, 24, 22, 10, 34, 44, 9, 23, 41, 25, 3, 1, 38, 31, 13, 2, 39, 8, 7, 0, 46, 20]

Attempt #7
Best tour length: 53801.10355212214
Best tour order: [47, 4, 28, 33, 14, 45, 32, 30, 43, 6, 17, 26, 42, 16, 18, 29, 36, 5, 35, 27, 19, 37, 21, 15, 40, 11, 12, 24, 22, 10, 34, 44, 9, 23, 41, 25, 3, 1, 38, 31, 13, 2, 39, 8, 7, 0, 46, 20]

Attempt #8
Best tour length: 53801.10355212214
Best tour order: [47, 4, 28, 33, 14, 45, 32, 30, 43, 6, 17, 26, 42, 16, 18, 29, 36, 5, 35, 27, 19, 37, 21, 15, 40, 11, 12, 24, 22, 10, 34, 44, 9, 23, 41, 25, 3, 1, 38, 31, 13, 2, 39, 8, 7, 0, 46, 20]

Attempt #9
Best tour length: 53801.10355212214
Best tour order: [47, 4, 28, 33, 14, 45, 32, 30, 43, 6, 17, 26, 42, 16, 18, 29, 36, 5, 35, 27, 19, 37, 21, 15, 40, 11, 12, 24, 22, 10, 34, 44, 9, 23, 41, 25, 3, 1, 38, 31, 13, 2, 39, 8, 7, 0, 46, 20]

Attempt #1
Best tour length: 59906.717979494315
Best tour order: [35, 6, 27, 5, 18, 26, 36, 29, 42, 17, 45, 37, 39, 0, 2, 10, 19, 8, 7, 32, 43, 30, 24, 12, 11, 46, 20, 13, 47, 4, 22, 33, 41, 9, 3, 25, 44, 34, 23, 38, 31, 28, 40, 1, 15, 21, 14, 16]

Attempt #2
Best tour length: 53801.10355212214
Best tour order: [47, 4, 28, 33, 14, 45, 32, 30, 43, 6, 17, 26, 42, 16, 18, 29, 36, 5, 35, 27, 19, 37, 21, 15, 40, 11, 12, 24, 22, 10, 34, 44, 9, 23, 41, 25, 3, 1, 38, 31, 13, 2, 39, 8, 7, 0, 46, 20]

Attempt #3
Best tour length: 53801.10355212214
Best tour order: [47, 4, 28, 33, 14, 45, 32, 30, 43, 6, 17, 26, 42, 16, 18, 29, 36, 5, 35, 27, 19, 37, 21, 15, 40, 11, 12, 24, 22, 10, 34, 44, 9, 23, 41, 25, 3, 1, 38, 31, 13, 2, 39, 8, 7, 0, 46, 20]

Attempt #4
Best tour length: 53801.10355212214
Best tour order: [47, 4, 28, 33, 14, 45, 32, 30, 43, 6, 17, 26, 42, 16, 18, 29, 36, 5, 35, 27, 19, 37, 21, 15, 40, 11, 12, 24, 22, 10, 34, 44, 9, 23, 41, 25, 3, 1, 38, 31, 13, 2, 39, 8, 7, 0, 46, 20]

Attempt #5
Best tour length: 53801.10355212214
Best tour order: [47, 4, 28, 33, 14, 45, 32, 30, 43, 6, 17, 26, 42, 16, 18, 29, 36, 5, 35, 27, 19, 37, 21, 15, 40, 11, 12, 24, 22, 10, 34, 44, 9, 23, 41, 25, 3, 1, 38, 31, 13, 2, 39, 8, 7, 0, 46, 20]

Attempt #6
Best tour length: 53801.10355212214
Best tour order: [47, 4, 28, 33, 14, 45, 32, 30, 43, 6, 17, 26, 42, 16, 18, 29, 36, 5, 35, 27, 19, 37, 21, 15, 40, 11, 12, 24, 22, 10, 34, 44, 9, 23, 41, 25, 3, 1, 38, 31, 13, 2, 39, 8, 7, 0, 46, 20]

Attempt #7
Best tour length: 53801.10355212214
Best tour order: [47, 4, 28, 33, 14, 45, 32, 30, 43, 6, 17, 26, 42, 16, 18, 29, 36, 5, 35, 27, 19, 37, 21, 15, 40, 11, 12, 24, 22, 10, 34, 44, 9, 23, 41, 25, 3, 1, 38, 31, 13, 2, 39, 8, 7, 0, 46, 20]

Attempt #8
Best tour length: 53801.10355212214
Best tour order: [47, 4, 28, 33, 14, 45, 32, 30, 43, 6, 17, 26, 42, 16, 18, 29, 36, 5, 35, 27, 19, 37, 21, 15, 40, 11, 12, 24, 22, 10, 34, 44, 9, 23, 41, 25, 3, 1, 38, 31, 13, 2, 39, 8, 7, 0, 46, 20]

Attempt #9
Best tour length: 53801.10355212214
Best tour order: [47, 4, 28, 33, 14, 45, 32, 30, 43, 6, 17, 26, 42, 16, 18, 29, 36, 5, 35, 27, 19, 37, 21, 15, 40, 11, 12, 24, 22, 10, 34, 44, 9, 23, 41, 25, 3, 1, 38, 31, 13, 2, 39, 8, 7, 0, 46, 20]

Attempt #10
Best tour length: 53801.10355212214
Best tour order: [47, 4, 28, 33, 14, 45, 32, 30, 43, 6, 17, 26, 42, 16, 18, 29, 36, 5, 35, 27, 19, 37, 21, 15, 40, 11, 12, 24, 22, 10, 34, 44, 9, 23, 41, 25, 3, 1, 38, 31, 13, 2, 39, 8, 7, 0, 46, 20]
